# Made in Blockbench 4.10.0
mtllib materials.mtl

o Head
v 0.22282397297834688 1.9711288318672233 0.32153864596587844
v 0.26616312021316224 2.02339306350105 -0.17383007368513526
v 0.2273791009055287 1.4738678841830866 0.2694732955124215
v 0.27071824814034406 1.5261321158169134 -0.22589542413859237
v -0.23193422883271053 2.02339306350105 -0.21740794505896432
v -0.2752733760675259 1.9711288318672233 0.2779607745920494
v -0.2273791009055287 1.5261321158169134 -0.26947329551242144
v -0.27071824814034406 1.4738678841830866 0.22589542413859243
vt 0.125 0.875
vt 0.25 0.875
vt 0.25 0.75
vt 0.125 0.75
vt 0 0.875
vt 0.125 0.875
vt 0.125 0.75
vt 0 0.75
vt 0.375 0.875
vt 0.5 0.875
vt 0.5 0.75
vt 0.375 0.75
vt 0.25 0.875
vt 0.375 0.875
vt 0.375 0.75
vt 0.25 0.75
vt 0.25 0.875
vt 0.125 0.875
vt 0.125 1
vt 0.25 1
vt 0.375 1
vt 0.25 1
vt 0.25 0.875
vt 0.375 0.875
vn 0.08667829446963066 0.1045284632676535 -0.9907374393020277
vn 0.9961946980917457 1.7347234759768075e-18 0.08715574274765817
vn -0.08667829446963066 -0.1045284632676535 0.9907374393020277
vn -0.9961946980917457 -1.7347234759768075e-18 -0.08715574274765817
vn -0.00911025585436364 0.9945218953682734 0.10413070090691415
vn 0.00911025585436364 -0.9945218953682734 -0.10413070090691415
usemtl m_677d4abf-5ee5-4d79-2bd8-c2b4d270f41e
f 4/4/1 7/3/1 5/2/1 2/1/1
f 3/8/2 4/7/2 2/6/2 1/5/2
f 8/12/3 3/11/3 1/10/3 6/9/3
f 7/16/4 8/15/4 6/14/4 5/13/4
f 6/20/5 1/19/5 2/18/5 5/17/5
f 7/24/6 4/23/6 3/22/6 8/21/6
o Hat Layer
v 0.2509616650960891 1.9989411266203678 0.3584768923082722
v 0.2997182057352563 2.057738387208423 -0.1988129172991182
v 0.2560861840141686 1.439522560475714 0.2999033730481331
v 0.30484272465333584 1.498319821063769 -0.25738643655925747
v -0.2606413119413505 2.057738387208423 -0.2478380225946759
v -0.3093978525805177 1.9989411266203678 0.3094517870127145
v -0.25551679302327096 1.498319821063769 -0.3064115418548152
v -0.3042733336624382 1.439522560475714 0.2508782677525754
vt 0.625 0.875
vt 0.75 0.875
vt 0.75 0.75
vt 0.625 0.75
vt 0.5 0.875
vt 0.625 0.875
vt 0.625 0.75
vt 0.5 0.75
vt 0.875 0.875
vt 1 0.875
vt 1 0.75
vt 0.875 0.75
vt 0.75 0.875
vt 0.875 0.875
vt 0.875 0.75
vt 0.75 0.75
vt 0.75 0.875
vt 0.625 0.875
vt 0.625 1
vt 0.75 1
vt 0.875 1
vt 0.75 1
vt 0.75 0.875
vt 0.875 0.875
vn 0.08667829446963066 0.1045284632676535 -0.9907374393020277
vn 0.9961946980917457 1.7347234759768075e-18 0.08715574274765817
vn -0.08667829446963066 -0.1045284632676535 0.9907374393020277
vn -0.9961946980917457 -1.7347234759768075e-18 -0.08715574274765817
vn -0.00911025585436364 0.9945218953682734 0.10413070090691415
vn 0.00911025585436364 -0.9945218953682734 -0.10413070090691415
usemtl m_677d4abf-5ee5-4d79-2bd8-c2b4d270f41e
f 12/28/7 15/27/7 13/26/7 10/25/7
f 11/32/8 12/31/8 10/30/8 9/29/8
f 16/36/9 11/35/9 9/34/9 14/33/9
f 15/40/10 16/39/10 14/38/10 13/37/10
f 14/44/11 9/43/11 10/42/11 13/41/11
f 15/48/12 12/47/12 11/46/12 16/45/12
o Body
v 0.25 1.5 0.125
v 0.25 1.5 -0.125
v 0.25 0.75 0.125
v 0.25 0.75 -0.125
v -0.25 1.5 -0.125
v -0.25 1.5 0.125
v -0.25 0.75 -0.125
v -0.25 0.75 0.125
vt 0.3125 0.6875
vt 0.4375 0.6875
vt 0.4375 0.5
vt 0.3125 0.5
vt 0.25 0.6875
vt 0.3125 0.6875
vt 0.3125 0.5
vt 0.25 0.5
vt 0.5 0.6875
vt 0.625 0.6875
vt 0.625 0.5
vt 0.5 0.5
vt 0.4375 0.6875
vt 0.5 0.6875
vt 0.5 0.5
vt 0.4375 0.5
vt 0.4375 0.6875
vt 0.3125 0.6875
vt 0.3125 0.75
vt 0.4375 0.75
vt 0.5625 0.75
vt 0.4375 0.75
vt 0.4375 0.6875
vt 0.5625 0.6875
vn 0 0 -1
vn 1 0 0
vn 0 0 1
vn -1 0 0
vn 0 1 0
vn 0 -1 0
usemtl m_677d4abf-5ee5-4d79-2bd8-c2b4d270f41e
f 20/52/13 23/51/13 21/50/13 18/49/13
f 19/56/14 20/55/14 18/54/14 17/53/14
f 24/60/15 19/59/15 17/58/15 22/57/15
f 23/64/16 24/63/16 22/62/16 21/61/16
f 22/68/17 17/67/17 18/66/17 21/65/17
f 23/72/18 20/71/18 19/70/18 24/69/18
o Body Layer
v 0.265625 1.515625 0.140625
v 0.265625 1.515625 -0.140625
v 0.265625 0.734375 0.140625
v 0.265625 0.734375 -0.140625
v -0.265625 1.515625 -0.140625
v -0.265625 1.515625 0.140625
v -0.265625 0.734375 -0.140625
v -0.265625 0.734375 0.140625
vt 0.3125 0.4375
vt 0.4375 0.4375
vt 0.4375 0.25
vt 0.3125 0.25
vt 0.25 0.4375
vt 0.3125 0.4375
vt 0.3125 0.25
vt 0.25 0.25
vt 0.5 0.4375
vt 0.625 0.4375
vt 0.625 0.25
vt 0.5 0.25
vt 0.4375 0.4375
vt 0.5 0.4375
vt 0.5 0.25
vt 0.4375 0.25
vt 0.4375 0.4375
vt 0.3125 0.4375
vt 0.3125 0.5
vt 0.4375 0.5
vt 0.5625 0.5
vt 0.4375 0.5
vt 0.4375 0.4375
vt 0.5625 0.4375
vn 0 0 -1
vn 1 0 0
vn 0 0 1
vn -1 0 0
vn 0 1 0
vn 0 -1 0
usemtl m_677d4abf-5ee5-4d79-2bd8-c2b4d270f41e
f 28/76/19 31/75/19 29/74/19 26/73/19
f 27/80/20 28/79/20 26/78/20 25/77/20
f 32/84/21 27/83/21 25/82/21 30/81/21
f 31/88/22 32/87/22 30/86/22 29/85/22
f 30/92/23 25/91/23 26/90/23 29/89/23
f 31/96/24 28/95/24 27/94/24 32/93/24
o Right Arm
v 0.5 1.4699820491477287 0.1490919526322545
v 0.5 1.5240919526322543 -0.09498204914772879
v 0.5 0.7377600438077787 -0.013237757821322638
v 0.5 0.7918699472923045 -0.257311759601306
v 0.25 1.5240919526322543 -0.09498204914772879
v 0.25 1.4699820491477287 0.1490919526322545
v 0.25 0.7918699472923045 -0.257311759601306
v 0.25 0.7377600438077787 -0.013237757821322638
vt 0.6875 0.6875
vt 0.75 0.6875
vt 0.75 0.5
vt 0.6875 0.5
vt 0.625 0.6875
vt 0.6875 0.6875
vt 0.6875 0.5
vt 0.625 0.5
vt 0.8125 0.6875
vt 0.875 0.6875
vt 0.875 0.5
vt 0.8125 0.5
vt 0.75 0.6875
vt 0.8125 0.6875
vt 0.8125 0.5
vt 0.75 0.5
vt 0.75 0.6875
vt 0.6875 0.6875
vt 0.6875 0.75
vt 0.75 0.75
vt 0.8125 0.75
vt 0.75 0.75
vt 0.75 0.6875
vt 0.8125 0.6875
vn 0 0.21643961393810288 -0.9762960071199334
vn 1 0 0
vn 0 -0.21643961393810288 0.9762960071199334
vn -1 0 0
vn 0 0.9762960071199334 0.21643961393810288
vn 0 -0.9762960071199334 -0.21643961393810288
usemtl m_677d4abf-5ee5-4d79-2bd8-c2b4d270f41e
f 36/100/25 39/99/25 37/98/25 34/97/25
f 35/104/26 36/103/26 34/102/26 33/101/26
f 40/108/27 35/107/27 33/106/27 38/105/27
f 39/112/28 40/111/28 38/110/28 37/109/28
f 38/116/29 33/115/29 34/114/29 37/113/29
f 39/120/30 36/119/30 35/118/30 40/117/30
o Right Arm Layer
v 0.515625 1.481854805291195 0.16772844671128628
v 0.515625 1.542728446711286 -0.1068548052911949
v 0.515625 0.7191235497287471 -0.001365001677856581
v 0.515625 0.7799971911488384 -0.2759482536803378
v 0.234375 1.542728446711286 -0.1068548052911949
v 0.234375 1.481854805291195 0.16772844671128628
v 0.234375 0.7799971911488384 -0.2759482536803378
v 0.234375 0.7191235497287471 -0.001365001677856581
vt 0.6875 0.4375
vt 0.75 0.4375
vt 0.75 0.25
vt 0.6875 0.25
vt 0.625 0.4375
vt 0.6875 0.4375
vt 0.6875 0.25
vt 0.625 0.25
vt 0.8125 0.4375
vt 0.875 0.4375
vt 0.875 0.25
vt 0.8125 0.25
vt 0.75 0.4375
vt 0.8125 0.4375
vt 0.8125 0.25
vt 0.75 0.25
vt 0.75 0.4375
vt 0.6875 0.4375
vt 0.6875 0.5
vt 0.75 0.5
vt 0.8125 0.5
vt 0.75 0.5
vt 0.75 0.4375
vt 0.8125 0.4375
vn 0 0.21643961393810288 -0.9762960071199334
vn 1 0 0
vn 0 -0.21643961393810288 0.9762960071199334
vn -1 0 0
vn 0 0.9762960071199334 0.21643961393810288
vn 0 -0.9762960071199334 -0.21643961393810288
usemtl m_677d4abf-5ee5-4d79-2bd8-c2b4d270f41e
f 44/124/31 47/123/31 45/122/31 42/121/31
f 43/128/32 44/127/32 42/126/32 41/125/32
f 48/132/33 43/131/33 41/130/33 46/129/33
f 47/136/34 48/135/34 46/134/34 45/133/34
f 46/140/35 41/139/35 42/138/35 45/137/35
f 47/144/36 44/143/36 43/142/36 48/141/36
o Left Arm
v -0.25 1.5273159555540685 0.08972095454045825
v -0.25 1.464720954540458 -0.15231595555406863
v -0.25 0.8012052252704875 0.27750595758128926
v -0.25 0.7386102242568775 0.035469047486762384
v -0.5 1.464720954540458 -0.15231595555406863
v -0.5 1.5273159555540685 0.08972095454045825
v -0.5 0.7386102242568775 0.035469047486762384
v -0.5 0.8012052252704875 0.27750595758128926
vt 0.5625 0.1875
vt 0.625 0.1875
vt 0.625 0
vt 0.5625 0
vt 0.5 0.1875
vt 0.5625 0.1875
vt 0.5625 0
vt 0.5 0
vt 0.6875 0.1875
vt 0.75 0.1875
vt 0.75 0
vt 0.6875 0
vt 0.625 0.1875
vt 0.6875 0.1875
vt 0.6875 0
vt 0.625 0
vt 0.625 0.1875
vt 0.5625 0.1875
vt 0.5625 0.25
vt 0.625 0.25
vt 0.6875 0.25
vt 0.625 0.25
vt 0.625 0.1875
vt 0.6875 0.1875
vn 0 -0.2503800040544414 -0.9681476403781077
vn 1 0 0
vn 0 0.2503800040544414 0.9681476403781077
vn -1 0 0
vn 0 0.9681476403781077 -0.2503800040544414
vn 0 -0.9681476403781077 0.2503800040544414
usemtl m_677d4abf-5ee5-4d79-2bd8-c2b4d270f41e
f 52/148/37 55/147/37 53/146/37 50/145/37
f 51/152/38 52/151/38 50/150/38 49/149/38
f 56/156/39 51/155/39 49/154/39 54/153/39
f 55/160/40 56/159/40 54/158/40 53/157/40
f 54/164/41 49/163/41 50/162/41 53/161/41
f 55/168/42 52/167/42 51/166/42 56/165/42
o Left Arm Layer
v -0.234375 1.5463554499983272 0.10093607385801562
v -0.234375 1.4759360738580156 -0.1713554499983273
v -0.234375 0.7899901059529304 0.29654545202554794
v -0.234375 0.7195707298126188 0.02425392816920513
v -0.515625 1.4759360738580156 -0.1713554499983273
v -0.515625 1.5463554499983272 0.10093607385801562
v -0.515625 0.7195707298126188 0.02425392816920513
v -0.515625 0.7899901059529304 0.29654545202554794
vt 0.8125 0.1875
vt 0.875 0.1875
vt 0.875 0
vt 0.8125 0
vt 0.75 0.1875
vt 0.8125 0.1875
vt 0.8125 0
vt 0.75 0
vt 0.9375 0.1875
vt 1 0.1875
vt 1 0
vt 0.9375 0
vt 0.875 0.1875
vt 0.9375 0.1875
vt 0.9375 0
vt 0.875 0
vt 0.875 0.1875
vt 0.8125 0.1875
vt 0.8125 0.25
vt 0.875 0.25
vt 0.9375 0.25
vt 0.875 0.25
vt 0.875 0.1875
vt 0.9375 0.1875
vn 0 -0.2503800040544414 -0.9681476403781077
vn 1 0 0
vn 0 0.2503800040544414 0.9681476403781077
vn -1 0 0
vn 0 0.9681476403781077 -0.2503800040544414
vn 0 -0.9681476403781077 0.2503800040544414
usemtl m_677d4abf-5ee5-4d79-2bd8-c2b4d270f41e
f 60/172/43 63/171/43 61/170/43 58/169/43
f 59/176/44 60/175/44 58/174/44 57/173/44
f 64/180/45 59/179/45 57/178/45 62/177/45
f 63/184/46 64/183/46 62/182/46 61/181/46
f 62/188/47 57/187/47 58/186/47 61/185/47
f 63/192/48 60/191/48 59/190/48 64/189/48
o Right Leg
v 0.24265546266412408 0.7835253314937787 0.1215462400497096
v 0.24469224409064982 0.7251995426818469 -0.1215462400497096
v 0.2681068782870215 0.05469214730773386 0.29663026294163863
v 0.27014365971354726 -0.0036336415041979264 0.05353778284221944
v -0.005155462664124033 0.7164746685062215 -0.1215462400497096
v -0.007192244090649891 0.7748004573181533 0.1215462400497096
v 0.02029595295877329 -0.012358515679823157 0.05353778284221944
v 0.018259171532247542 0.04596727313210858 0.29663026294163863
vt 0.0625 0.6875
vt 0.125 0.6875
vt 0.125 0.5
vt 0.0625 0.5
vt 0 0.6875
vt 0.0625 0.6875
vt 0.0625 0.5
vt 0 0.5
vt 0.1875 0.6875
vt 0.25 0.6875
vt 0.25 0.5
vt 0.1875 0.5
vt 0.125 0.6875
vt 0.1875 0.6875
vt 0.1875 0.5
vt 0.125 0.5
vt 0.125 0.6875
vt 0.0625 0.6875
vt 0.0625 0.75
vt 0.125 0.75
vt 0.1875 0.75
vt 0.125 0.75
vt 0.125 0.6875
vt 0.1875 0.6875
vn 0.00814712570610331 -0.23330315524772705 -0.9723699203976767
vn 0.9993908270190959 0.03489949670250098 -1.7347234759768075e-18
vn -0.00814712570610331 0.23330315524772705 0.9723699203976767
vn -0.9993908270190959 -0.03489949670250098 1.7347234759768075e-18
vn -0.03393522083052984 0.9717775789147263 -0.23344536385590542
vn 0.03393522083052984 -0.9717775789147263 0.23344536385590542
usemtl m_677d4abf-5ee5-4d79-2bd8-c2b4d270f41e
f 68/196/49 71/195/49 69/194/49 66/193/49
f 67/200/50 68/199/50 66/198/50 65/197/50
f 72/204/51 67/203/51 65/202/51 70/201/51
f 71/208/52 72/207/52 70/206/52 69/205/52
f 70/212/53 65/211/53 66/210/53 69/209/53
f 71/216/54 68/215/54 67/214/54 72/213/54
o Right Leg Layer
v 0.2576134076716625 0.8029000226010434 0.13309193624567472
v 0.2599047867765041 0.7372835101876203 -0.14038710386617181
v 0.28412529894551397 0.04369878907391356 0.31547112675810085
v 0.28641667805035553 -0.021917723339509698 0.04199208664625431
v -0.021173883322616605 0.7274680267400417 -0.14038710386617181
v -0.023465262427458167 0.7930845391534649 0.13309193624567472
v 0.005338007951234847 -0.031733206787088075 0.04199208664625431
v 0.0030466288463932845 0.033883305626335125 0.31547112675810085
vt 0.0625 0.4375
vt 0.125 0.4375
vt 0.125 0.25
vt 0.0625 0.25
vt 0 0.4375
vt 0.0625 0.4375
vt 0.0625 0.25
vt 0 0.25
vt 0.1875 0.4375
vt 0.25 0.4375
vt 0.25 0.25
vt 0.1875 0.25
vt 0.125 0.4375
vt 0.1875 0.4375
vt 0.1875 0.25
vt 0.125 0.25
vt 0.125 0.4375
vt 0.0625 0.4375
vt 0.0625 0.5
vt 0.125 0.5
vt 0.1875 0.5
vt 0.125 0.5
vt 0.125 0.4375
vt 0.1875 0.4375
vn 0.00814712570610331 -0.23330315524772705 -0.9723699203976767
vn 0.9993908270190959 0.03489949670250098 -1.7347234759768075e-18
vn -0.00814712570610331 0.23330315524772705 0.9723699203976767
vn -0.9993908270190959 -0.03489949670250098 1.7347234759768075e-18
vn -0.03393522083052984 0.9717775789147263 -0.23344536385590542
vn 0.03393522083052984 -0.9717775789147263 0.23344536385590542
usemtl m_677d4abf-5ee5-4d79-2bd8-c2b4d270f41e
f 76/220/55 79/219/55 77/218/55 74/217/55
f 75/224/56 76/223/56 74/222/56 73/221/56
f 80/228/57 75/227/57 73/226/57 78/225/57
f 79/232/58 80/231/58 78/230/58 77/229/58
f 78/236/59 73/235/59 74/234/59 77/233/59
f 79/240/60 76/239/60 75/238/60 80/237/60
o Left Leg
v 0.0052296491782715115 0.7185990923155257 0.12203700088999159
v 0.007118057576502412 0.7726760335088492 -0.1220370008899917
v -0.020324530282588682 -0.013176863162747743 -0.04029270956358555
v -0.018436121884357837 0.040900078030575826 -0.28436671134356883
v -0.24272964917827156 0.7814009076844743 -0.1220370008899917
v -0.24461805757650235 0.7273239664911508 0.12203700088999159
v -0.2682838286391318 0.04962495220620111 -0.28436671134356883
v -0.2701722370373626 -0.004451988987122513 -0.04029270956358555
vt 0.3125 0.1875
vt 0.375 0.1875
vt 0.375 0
vt 0.3125 0
vt 0.25 0.1875
vt 0.3125 0.1875
vt 0.3125 0
vt 0.25 0
vt 0.4375 0.1875
vt 0.5 0.1875
vt 0.5 0
vt 0.4375 0
vt 0.375 0.1875
vt 0.4375 0.1875
vt 0.4375 0
vt 0.375 0
vt 0.375 0.1875
vt 0.3125 0.1875
vt 0.3125 0.25
vt 0.375 0.25
vt 0.4375 0.25
vt 0.375 0.25
vt 0.375 0.1875
vt 0.4375 0.1875
vn 0.007553633592923406 0.21630776477329447 -0.9762960071199334
vn 0.9993908270190958 -0.03489949670250098 -8.673617379884035e-19
vn -0.007553633592923406 -0.21630776477329447 0.9762960071199334
vn -0.9993908270190958 0.03489949670250098 8.673617379884035e-19
vn 0.034072239281146985 0.9757012739710312 0.21643961393810288
vn -0.034072239281146985 -0.9757012739710312 -0.21643961393810288
usemtl m_677d4abf-5ee5-4d79-2bd8-c2b4d270f41e
f 84/244/61 87/243/61 85/242/61 82/241/61
f 83/248/62 84/247/62 82/246/62 81/245/62
f 88/252/63 83/251/63 81/250/63 86/249/63
f 87/256/64 88/255/64 86/254/64 85/253/64
f 86/260/65 81/259/65 82/258/65 85/257/65
f 87/264/66 84/263/66 83/262/66 88/261/66
o Left Leg Layer
v 0.02125948406432343 0.7299193112607636 0.14067349496902337
v 0.023383943512333083 0.7907558701032529 -0.13390975703345775
v -0.00535945287407269 -0.03234730902910443 -0.028419953420119437
v -0.003234993426062982 0.02848924981338463 -0.3030032054226007
v -0.2576947265867876 0.8005713535508312 -0.13390975703345775
v -0.2598191860347973 0.7397347947083421 0.14067349496902337
v -0.28431366352518367 0.038304733260963064 -0.3030032054226007
v -0.28643812297319343 -0.022531825581526 -0.028419953420119437
vt 0.0625 0.1875
vt 0.125 0.1875
vt 0.125 0
vt 0.0625 0
vt 0 0.1875
vt 0.0625 0.1875
vt 0.0625 0
vt 0 0
vt 0.1875 0.1875
vt 0.25 0.1875
vt 0.25 0
vt 0.1875 0
vt 0.125 0.1875
vt 0.1875 0.1875
vt 0.1875 0
vt 0.125 0
vt 0.125 0.1875
vt 0.0625 0.1875
vt 0.0625 0.25
vt 0.125 0.25
vt 0.1875 0.25
vt 0.125 0.25
vt 0.125 0.1875
vt 0.1875 0.1875
vn 0.007553633592923406 0.21630776477329447 -0.9762960071199334
vn 0.9993908270190958 -0.03489949670250098 -8.673617379884035e-19
vn -0.007553633592923406 -0.21630776477329447 0.9762960071199334
vn -0.9993908270190958 0.03489949670250098 8.673617379884035e-19
vn 0.034072239281146985 0.9757012739710312 0.21643961393810288
vn -0.034072239281146985 -0.9757012739710312 -0.21643961393810288
usemtl m_677d4abf-5ee5-4d79-2bd8-c2b4d270f41e
f 92/268/67 95/267/67 93/266/67 90/265/67
f 91/272/68 92/271/68 90/270/68 89/269/68
f 96/276/69 91/275/69 89/274/69 94/273/69
f 95/280/70 96/279/70 94/278/70 93/277/70
f 94/284/71 89/283/71 90/282/71 93/281/71
f 95/288/72 92/287/72 91/286/72 96/285/72
