# Made in Blockbench 4.10.0
mtllib materials.mtl

o Head
v 0.25 2.0084202876851736 0.2323979584035234
v 0.25 1.9909705393339228 -0.26729745510602443
v 0.25 1.5087248741756252 0.24984770675477397
v 0.25 1.4912751258243748 -0.24984770675477397
v -0.25 1.9909705393339228 -0.26729745510602443
v -0.25 2.0084202876851736 0.2323979584035234
v -0.25 1.4912751258243748 -0.24984770675477397
v -0.25 1.5087248741756252 0.24984770675477397
vt 0.125 0.875
vt 0.25 0.875
vt 0.25 0.75
vt 0.125 0.75
vt 0 0.875
vt 0.125 0.875
vt 0.125 0.75
vt 0 0.75
vt 0.375 0.875
vt 0.5 0.875
vt 0.5 0.75
vt 0.375 0.75
vt 0.25 0.875
vt 0.375 0.875
vt 0.375 0.75
vt 0.25 0.75
vt 0.25 0.875
vt 0.125 0.875
vt 0.125 1
vt 0.25 1
vt 0.375 1
vt 0.25 1
vt 0.25 0.875
vt 0.375 0.875
vn 0 -0.03489949670250097 -0.9993908270190958
vn 1 0 0
vn 0 0.03489949670250097 0.9993908270190958
vn -1 0 0
vn 0 0.9993908270190958 -0.03489949670250097
vn 0 -0.9993908270190958 0.03489949670250097
usemtl m_737dae92-c108-656d-b718-8949a55ee750
f 4/4/1 7/3/1 5/2/1 2/1/1
f 3/8/2 4/7/2 2/6/2 1/5/2
f 8/12/3 3/11/3 1/10/3 6/9/3
f 7/16/4 8/15/4 6/14/4 5/13/4
f 6/20/5 1/19/5 2/18/5 5/17/5
f 7/24/6 4/23/6 3/22/6 8/21/6
o Hat Layer
v 0.28125 2.0407418603014733 0.2625383124759171
v 0.28125 2.0211108934063162 -0.29961902772232435
v 0.28125 1.4785845201032317 0.28216927937107383
v 0.28125 1.458953553208075 -0.27998806082716754
v -0.28125 2.0211108934063162 -0.29961902772232435
v -0.28125 2.0407418603014733 0.2625383124759171
v -0.28125 1.458953553208075 -0.27998806082716754
v -0.28125 1.4785845201032317 0.28216927937107383
vt 0.625 0.875
vt 0.75 0.875
vt 0.75 0.75
vt 0.625 0.75
vt 0.5 0.875
vt 0.625 0.875
vt 0.625 0.75
vt 0.5 0.75
vt 0.875 0.875
vt 1 0.875
vt 1 0.75
vt 0.875 0.75
vt 0.75 0.875
vt 0.875 0.875
vt 0.875 0.75
vt 0.75 0.75
vt 0.75 0.875
vt 0.625 0.875
vt 0.625 1
vt 0.75 1
vt 0.875 1
vt 0.75 1
vt 0.75 0.875
vt 0.875 0.875
vn 0 -0.03489949670250097 -0.9993908270190958
vn 1 0 0
vn 0 0.03489949670250097 0.9993908270190958
vn -1 0 0
vn 0 0.9993908270190958 -0.03489949670250097
vn 0 -0.9993908270190958 0.03489949670250097
usemtl m_737dae92-c108-656d-b718-8949a55ee750
f 12/28/7 15/27/7 13/26/7 10/25/7
f 11/32/8 12/31/8 10/30/8 9/29/8
f 16/36/9 11/35/9 9/34/9 14/33/9
f 15/40/10 16/39/10 14/38/10 13/37/10
f 14/44/11 9/43/11 10/42/11 13/41/11
f 15/48/12 12/47/12 11/46/12 16/45/12
o Body
v 0.25 1.5 0.125
v 0.25 1.5 -0.125
v 0.25 0.75 0.125
v 0.25 0.75 -0.125
v -0.25 1.5 -0.125
v -0.25 1.5 0.125
v -0.25 0.75 -0.125
v -0.25 0.75 0.125
vt 0.3125 0.6875
vt 0.4375 0.6875
vt 0.4375 0.5
vt 0.3125 0.5
vt 0.25 0.6875
vt 0.3125 0.6875
vt 0.3125 0.5
vt 0.25 0.5
vt 0.5 0.6875
vt 0.625 0.6875
vt 0.625 0.5
vt 0.5 0.5
vt 0.4375 0.6875
vt 0.5 0.6875
vt 0.5 0.5
vt 0.4375 0.5
vt 0.4375 0.6875
vt 0.3125 0.6875
vt 0.3125 0.75
vt 0.4375 0.75
vt 0.5625 0.75
vt 0.4375 0.75
vt 0.4375 0.6875
vt 0.5625 0.6875
vn 0 0 -1
vn 1 0 0
vn 0 0 1
vn -1 0 0
vn 0 1 0
vn 0 -1 0
usemtl m_737dae92-c108-656d-b718-8949a55ee750
f 20/52/13 23/51/13 21/50/13 18/49/13
f 19/56/14 20/55/14 18/54/14 17/53/14
f 24/60/15 19/59/15 17/58/15 22/57/15
f 23/64/16 24/63/16 22/62/16 21/61/16
f 22/68/17 17/67/17 18/66/17 21/65/17
f 23/72/18 20/71/18 19/70/18 24/69/18
o Body Layer
v 0.265625 1.515625 0.140625
v 0.265625 1.515625 -0.140625
v 0.265625 0.734375 0.140625
v 0.265625 0.734375 -0.140625
v -0.265625 1.515625 -0.140625
v -0.265625 1.515625 0.140625
v -0.265625 0.734375 -0.140625
v -0.265625 0.734375 0.140625
vt 0.3125 0.4375
vt 0.4375 0.4375
vt 0.4375 0.25
vt 0.3125 0.25
vt 0.25 0.4375
vt 0.3125 0.4375
vt 0.3125 0.25
vt 0.25 0.25
vt 0.5 0.4375
vt 0.625 0.4375
vt 0.625 0.25
vt 0.5 0.25
vt 0.4375 0.4375
vt 0.5 0.4375
vt 0.5 0.25
vt 0.4375 0.25
vt 0.4375 0.4375
vt 0.3125 0.4375
vt 0.3125 0.5
vt 0.4375 0.5
vt 0.5625 0.5
vt 0.4375 0.5
vt 0.4375 0.4375
vt 0.5625 0.4375
vn 0 0 -1
vn 1 0 0
vn 0 0 1
vn -1 0 0
vn 0 1 0
vn 0 -1 0
usemtl m_737dae92-c108-656d-b718-8949a55ee750
f 28/76/19 31/75/19 29/74/19 26/73/19
f 27/80/20 28/79/20 26/78/20 25/77/20
f 32/84/21 27/83/21 25/82/21 30/81/21
f 31/88/22 32/87/22 30/86/22 29/85/22
f 30/92/23 25/91/23 26/90/23 29/89/23
f 31/96/24 28/95/24 27/94/24 32/93/24
o Right Arm
v 0.5 1.5435949308016568 0.053157777492898406
v 0.5 1.4281577774928984 -0.168594930801657
v 0.5 0.8783368059179906 0.39946923741917384
v 0.5 0.7628996526092322 0.17771652912461844
v 0.25 1.4281577774928984 -0.168594930801657
v 0.25 1.5435949308016568 0.053157777492898406
v 0.25 0.7628996526092322 0.17771652912461844
v 0.25 0.8783368059179906 0.39946923741917384
vt 0.6875 0.6875
vt 0.75 0.6875
vt 0.75 0.5
vt 0.6875 0.5
vt 0.625 0.6875
vt 0.6875 0.6875
vt 0.6875 0.5
vt 0.625 0.5
vt 0.8125 0.6875
vt 0.875 0.6875
vt 0.875 0.5
vt 0.8125 0.5
vt 0.75 0.6875
vt 0.8125 0.6875
vt 0.8125 0.5
vt 0.75 0.5
vt 0.75 0.6875
vt 0.6875 0.6875
vt 0.6875 0.75
vt 0.75 0.75
vt 0.8125 0.75
vt 0.75 0.75
vt 0.75 0.6875
vt 0.8125 0.6875
vn 0 -0.4617486132350339 -0.8870108331782217
vn 1 0 0
vn 0 0.4617486132350339 0.8870108331782217
vn -1 0 0
vn 0 0.8870108331782217 -0.4617486132350339
vn 0 -0.8870108331782217 0.4617486132350339
usemtl m_737dae92-c108-656d-b718-8949a55ee750
f 36/100/25 39/99/25 37/98/25 34/97/25
f 35/104/26 36/103/26 34/102/26 33/101/26
f 40/108/27 35/107/27 33/106/27 38/105/27
f 39/112/28 40/111/28 38/110/28 37/109/28
f 38/116/29 33/115/29 34/114/29 37/113/29
f 39/120/30 36/119/30 35/118/30 40/117/30
o Right Arm Layer
v 0.515625 1.5646692971518643 0.05980249967951079
v 0.515625 1.4348024996795108 -0.1896692971518641
v 0.515625 0.8716920837313782 0.42054360376938105
v 0.515625 0.7418252862590249 0.17107180693800617
v 0.234375 1.4348024996795108 -0.1896692971518641
v 0.234375 1.5646692971518643 0.05980249967951079
v 0.234375 0.7418252862590249 0.17107180693800617
v 0.234375 0.8716920837313782 0.42054360376938105
vt 0.6875 0.4375
vt 0.75 0.4375
vt 0.75 0.25
vt 0.6875 0.25
vt 0.625 0.4375
vt 0.6875 0.4375
vt 0.6875 0.25
vt 0.625 0.25
vt 0.8125 0.4375
vt 0.875 0.4375
vt 0.875 0.25
vt 0.8125 0.25
vt 0.75 0.4375
vt 0.8125 0.4375
vt 0.8125 0.25
vt 0.75 0.25
vt 0.75 0.4375
vt 0.6875 0.4375
vt 0.6875 0.5
vt 0.75 0.5
vt 0.8125 0.5
vt 0.75 0.5
vt 0.75 0.4375
vt 0.8125 0.4375
vn 0 -0.4617486132350339 -0.8870108331782217
vn 1 0 0
vn 0 0.4617486132350339 0.8870108331782217
vn -1 0 0
vn 0 0.8870108331782217 -0.4617486132350339
vn 0 -0.8870108331782217 0.4617486132350339
usemtl m_737dae92-c108-656d-b718-8949a55ee750
f 44/124/31 47/123/31 45/122/31 42/121/31
f 43/128/32 44/127/32 42/126/32 41/125/32
f 48/132/33 43/131/33 41/130/33 46/129/33
f 47/136/34 48/135/34 46/134/34 45/133/34
f 46/140/35 41/139/35 42/138/35 45/137/35
f 47/144/36 44/143/36 43/142/36 48/141/36
o Left Arm
v -0.25 1.4281577774928984 0.168594930801657
v -0.25 1.5435949308016568 -0.053157777492898406
v -0.25 0.7628996526092322 -0.17771652912461844
v -0.25 0.8783368059179906 -0.39946923741917384
v -0.5 1.5435949308016568 -0.053157777492898406
v -0.5 1.4281577774928984 0.168594930801657
v -0.5 0.8783368059179906 -0.39946923741917384
v -0.5 0.7628996526092322 -0.17771652912461844
vt 0.5625 0.1875
vt 0.625 0.1875
vt 0.625 0
vt 0.5625 0
vt 0.5 0.1875
vt 0.5625 0.1875
vt 0.5625 0
vt 0.5 0
vt 0.6875 0.1875
vt 0.75 0.1875
vt 0.75 0
vt 0.6875 0
vt 0.625 0.1875
vt 0.6875 0.1875
vt 0.6875 0
vt 0.625 0
vt 0.625 0.1875
vt 0.5625 0.1875
vt 0.5625 0.25
vt 0.625 0.25
vt 0.6875 0.25
vt 0.625 0.25
vt 0.625 0.1875
vt 0.6875 0.1875
vn 0 0.4617486132350339 -0.8870108331782217
vn 1 0 0
vn 0 -0.4617486132350339 0.8870108331782217
vn -1 0 0
vn 0 0.8870108331782217 0.4617486132350339
vn 0 -0.8870108331782217 -0.4617486132350339
usemtl m_737dae92-c108-656d-b718-8949a55ee750
f 52/148/37 55/147/37 53/146/37 50/145/37
f 51/152/38 52/151/38 50/150/38 49/149/38
f 56/156/39 51/155/39 49/154/39 54/153/39
f 55/160/40 56/159/40 54/158/40 53/157/40
f 54/164/41 49/163/41 50/162/41 53/161/41
f 55/168/42 52/167/42 51/166/42 56/165/42
o Left Arm Layer
v -0.234375 1.4348024996795108 0.1896692971518641
v -0.234375 1.5646692971518643 -0.05980249967951079
v -0.234375 0.7418252862590249 -0.1710718069380061
v -0.234375 0.8716920837313782 -0.420543603769381
v -0.515625 1.5646692971518643 -0.05980249967951079
v -0.515625 1.4348024996795108 0.1896692971518641
v -0.515625 0.8716920837313782 -0.420543603769381
v -0.515625 0.7418252862590249 -0.1710718069380061
vt 0.8125 0.1875
vt 0.875 0.1875
vt 0.875 0
vt 0.8125 0
vt 0.75 0.1875
vt 0.8125 0.1875
vt 0.8125 0
vt 0.75 0
vt 0.9375 0.1875
vt 1 0.1875
vt 1 0
vt 0.9375 0
vt 0.875 0.1875
vt 0.9375 0.1875
vt 0.9375 0
vt 0.875 0
vt 0.875 0.1875
vt 0.8125 0.1875
vt 0.8125 0.25
vt 0.875 0.25
vt 0.9375 0.25
vt 0.875 0.25
vt 0.875 0.1875
vt 0.9375 0.1875
vn 0 0.4617486132350339 -0.8870108331782217
vn 1 0 0
vn 0 -0.4617486132350339 0.8870108331782217
vn -1 0 0
vn 0 0.8870108331782217 0.4617486132350339
vn 0 -0.8870108331782217 -0.4617486132350339
usemtl m_737dae92-c108-656d-b718-8949a55ee750
f 60/172/43 63/171/43 61/170/43 58/169/43
f 59/176/44 60/175/44 58/174/44 57/173/44
f 64/180/45 59/179/45 57/178/45 62/177/45
f 63/184/46 64/183/46 62/182/46 61/181/46
f 62/188/47 57/187/47 58/186/47 61/185/47
f 63/192/48 60/191/48 59/190/48 64/189/48
o Right Leg
v 0.24614476495211624 0.6836047873941773 0.10301577357775193
v 0.24120294180265767 0.8251200867814479 -0.10301577357775193
v 0.26771595685381033 0.0658866724828886 -0.3217889041158726
v 0.26277413370435176 0.2074019718701593 -0.5278204512713764
v -0.008644764952116246 0.8163952126058227 -0.10301577357775193
v -0.0037029418026576777 0.6748799132185521 0.10301577357775193
v 0.012926426949577796 0.198677097694534 -0.5278204512713764
v 0.017868250099036365 0.05716179830726342 -0.3217889041158726
vt 0.0625 0.6875
vt 0.125 0.6875
vt 0.125 0.5
vt 0.0625 0.5
vt 0 0.6875
vt 0.0625 0.6875
vt 0.0625 0.5
vt 0 0.5
vt 0.1875 0.6875
vt 0.25 0.6875
vt 0.25 0.5
vt 0.1875 0.5
vt 0.125 0.6875
vt 0.1875 0.6875
vt 0.1875 0.5
vt 0.125 0.5
vt 0.125 0.6875
vt 0.0625 0.6875
vt 0.0625 0.75
vt 0.125 0.75
vt 0.1875 0.75
vt 0.125 0.75
vt 0.125 0.6875
vt 0.1875 0.6875
vn -0.019767292597834184 0.5660611975490825 -0.8241261886220158
vn 0.9993908270190959 0.034899496702500976 0
vn 0.019767292597834184 -0.5660611975490825 0.8241261886220158
vn -0.9993908270190959 -0.034899496702500976 0
vn -0.028761589202258735 0.8236241532150518 0.5664062369248328
vn 0.028761589202258735 -0.8236241532150518 -0.5664062369248328
usemtl m_737dae92-c108-656d-b718-8949a55ee750
f 68/196/49 71/195/49 69/194/49 66/193/49
f 67/200/50 68/199/50 66/198/50 65/197/50
f 72/204/51 67/203/51 65/202/51 70/201/51
f 71/208/52 72/207/52 70/206/52 69/205/52
f 70/212/53 65/211/53 66/210/53 69/209/53
f 71/216/54 68/215/54 67/214/54 72/213/54
o Right Leg Layer
v 0.26161971073984547 0.6881745132124348 0.12474284272692149
v 0.2560601596967047 0.847379225023114 -0.10704264782302042
v 0.2840897023041101 0.0447181435131756 -0.3177620298706041
v 0.27853015126096925 0.203922855323855 -0.549547520420546
v -0.02501851040241604 0.8375637415755357 -0.10704264782302042
v -0.01945895935927522 0.6783590297648563 0.12474284272692149
v -0.0025485188381514368 0.1941073718762767 -0.549547520420546
v 0.003011032204989439 0.03490266006559728 -0.3177620298706041
vt 0.0625 0.4375
vt 0.125 0.4375
vt 0.125 0.25
vt 0.0625 0.25
vt 0 0.4375
vt 0.0625 0.4375
vt 0.0625 0.25
vt 0 0.25
vt 0.1875 0.4375
vt 0.25 0.4375
vt 0.25 0.25
vt 0.1875 0.25
vt 0.125 0.4375
vt 0.1875 0.4375
vt 0.1875 0.25
vt 0.125 0.25
vt 0.125 0.4375
vt 0.0625 0.4375
vt 0.0625 0.5
vt 0.125 0.5
vt 0.1875 0.5
vt 0.125 0.5
vt 0.125 0.4375
vt 0.1875 0.4375
vn -0.019767292597834184 0.5660611975490825 -0.8241261886220158
vn 0.9993908270190959 0.034899496702500976 0
vn 0.019767292597834184 -0.5660611975490825 0.8241261886220158
vn -0.9993908270190959 -0.034899496702500976 0
vn -0.028761589202258735 0.8236241532150518 0.5664062369248328
vn 0.028761589202258735 -0.8236241532150518 -0.5664062369248328
usemtl m_737dae92-c108-656d-b718-8949a55ee750
f 76/220/55 79/219/55 77/218/55 74/217/55
f 75/224/56 76/223/56 74/222/56 73/221/56
f 80/228/57 75/227/57 73/226/57 78/225/57
f 79/232/58 80/231/58 78/230/58 77/229/58
f 78/236/59 73/235/59 74/234/59 77/233/59
f 79/240/60 76/239/60 75/238/60 80/237/60
o Left Leg
v 0.008485592829224231 0.811837119379109 0.10600601201955318
v 0.003862113925549693 0.6794380064452659 -0.10600601201955329
v -0.013711745972305789 0.1761885032518039 0.5034454601944569
v -0.018335224875980383 0.043789390317960586 0.29143343615535056
v -0.24598559282922428 0.688162880620891 -0.10600601201955329
v -0.24136211392554963 0.8205619935547344 0.10600601201955318
v -0.26818293163075435 0.05251426449358587 0.29143343615535056
v -0.2635594527270797 0.1849133774274292 0.5034454601944569
vt 0.3125 0.1875
vt 0.375 0.1875
vt 0.375 0
vt 0.3125 0
vt 0.25 0.1875
vt 0.3125 0.1875
vt 0.3125 0
vt 0.25 0
vt 0.4375 0.1875
vt 0.5 0.1875
vt 0.5 0
vt 0.4375 0
vt 0.375 0.1875
vt 0.4375 0.1875
vt 0.4375 0
vt 0.375 0
vt 0.375 0.1875
vt 0.3125 0.1875
vt 0.3125 0.25
vt 0.375 0.25
vt 0.4375 0.25
vt 0.375 0.25
vt 0.375 0.1875
vt 0.4375 0.1875
vn -0.018493915614698483 -0.5295964517353735 -0.8480480961564261
vn 0.9993908270190959 -0.034899496702500976 0
vn 0.018493915614698483 0.5295964517353735 0.8480480961564261
vn -0.9993908270190959 0.034899496702500976 0
vn 0.029596451735373418 0.8475314881697402 -0.529919264233205
vn -0.029596451735373418 -0.8475314881697402 0.529919264233205
usemtl m_737dae92-c108-656d-b718-8949a55ee750
f 84/244/61 87/243/61 85/242/61 82/241/61
f 83/248/62 84/247/62 82/246/62 81/245/62
f 88/252/63 83/251/63 81/250/63 86/249/63
f 87/256/64 88/255/64 86/254/64 85/253/64
f 86/260/65 81/259/65 82/258/65 85/257/65
f 87/264/66 84/263/66 83/262/66 88/261/66
o Left Leg Layer
v 0.024852486491242498 0.83280943880415 0.11097677501835357
v 0.01965107272460853 0.6838604367535761 -0.1275367520256413
v 0.0017302585729820352 0.1706754636715404 0.5249762002005449
v -0.0034711551936519314 0.021726461620966586 0.28646267315655016
v -0.26142759737451216 0.6936759202011546 -0.1275367520256413
v -0.2562261836078782 0.8426249222517284 0.11097677501835357
v -0.2845498252927726 0.03154194506854502 0.28646267315655016
v -0.27934841152613865 0.18049094711911873 0.5249762002005449
vt 0.0625 0.1875
vt 0.125 0.1875
vt 0.125 0
vt 0.0625 0
vt 0 0.1875
vt 0.0625 0.1875
vt 0.0625 0
vt 0 0
vt 0.1875 0.1875
vt 0.25 0.1875
vt 0.25 0
vt 0.1875 0
vt 0.125 0.1875
vt 0.1875 0.1875
vt 0.1875 0
vt 0.125 0
vt 0.125 0.1875
vt 0.0625 0.1875
vt 0.0625 0.25
vt 0.125 0.25
vt 0.1875 0.25
vt 0.125 0.25
vt 0.125 0.1875
vt 0.1875 0.1875
vn -0.018493915614698483 -0.5295964517353735 -0.8480480961564261
vn 0.9993908270190959 -0.034899496702500976 0
vn 0.018493915614698483 0.5295964517353735 0.8480480961564261
vn -0.9993908270190959 0.034899496702500976 0
vn 0.029596451735373418 0.8475314881697402 -0.529919264233205
vn -0.029596451735373418 -0.8475314881697402 0.529919264233205
usemtl m_737dae92-c108-656d-b718-8949a55ee750
f 92/268/67 95/267/67 93/266/67 90/265/67
f 91/272/68 92/271/68 90/270/68 89/269/68
f 96/276/69 91/275/69 89/274/69 94/273/69
f 95/280/70 96/279/70 94/278/70 93/277/70
f 94/284/71 89/283/71 90/282/71 93/281/71
f 95/288/72 92/287/72 91/286/72 96/285/72