# Made in Blockbench 4.10.0
mtllib materials.mtl

o Head
v 0.25 2.0084202876851736 0.2323979584035234
v 0.25 1.9909705393339228 -0.26729745510602443
v 0.25 1.5087248741756252 0.24984770675477397
v 0.25 1.4912751258243748 -0.24984770675477397
v -0.25 1.9909705393339228 -0.26729745510602443
v -0.25 2.0084202876851736 0.2323979584035234
v -0.25 1.4912751258243748 -0.24984770675477397
v -0.25 1.5087248741756252 0.24984770675477397
vt 0.125 0.875
vt 0.25 0.875
vt 0.25 0.75
vt 0.125 0.75
vt 0 0.875
vt 0.125 0.875
vt 0.125 0.75
vt 0 0.75
vt 0.375 0.875
vt 0.5 0.875
vt 0.5 0.75
vt 0.375 0.75
vt 0.25 0.875
vt 0.375 0.875
vt 0.375 0.75
vt 0.25 0.75
vt 0.25 0.875
vt 0.125 0.875
vt 0.125 1
vt 0.25 1
vt 0.375 1
vt 0.25 1
vt 0.25 0.875
vt 0.375 0.875
vn 0 -0.03489949670250097 -0.9993908270190958
vn 1 0 0
vn 0 0.03489949670250097 0.9993908270190958
vn -1 0 0
vn 0 0.9993908270190958 -0.03489949670250097
vn 0 -0.9993908270190958 0.03489949670250097
usemtl m_737dae92-c108-656d-b718-8949a55ee750
f 4/4/1 7/3/1 5/2/1 2/1/1
f 3/8/2 4/7/2 2/6/2 1/5/2
f 8/12/3 3/11/3 1/10/3 6/9/3
f 7/16/4 8/15/4 6/14/4 5/13/4
f 6/20/5 1/19/5 2/18/5 5/17/5
f 7/24/6 4/23/6 3/22/6 8/21/6
o Hat Layer
v 0.28125 2.0407418603014733 0.2625383124759171
v 0.28125 2.0211108934063162 -0.29961902772232435
v 0.28125 1.4785845201032317 0.28216927937107383
v 0.28125 1.458953553208075 -0.27998806082716754
v -0.28125 2.0211108934063162 -0.29961902772232435
v -0.28125 2.0407418603014733 0.2625383124759171
v -0.28125 1.458953553208075 -0.27998806082716754
v -0.28125 1.4785845201032317 0.28216927937107383
vt 0.625 0.875
vt 0.75 0.875
vt 0.75 0.75
vt 0.625 0.75
vt 0.5 0.875
vt 0.625 0.875
vt 0.625 0.75
vt 0.5 0.75
vt 0.875 0.875
vt 1 0.875
vt 1 0.75
vt 0.875 0.75
vt 0.75 0.875
vt 0.875 0.875
vt 0.875 0.75
vt 0.75 0.75
vt 0.75 0.875
vt 0.625 0.875
vt 0.625 1
vt 0.75 1
vt 0.875 1
vt 0.75 1
vt 0.75 0.875
vt 0.875 0.875
vn 0 -0.03489949670250097 -0.9993908270190958
vn 1 0 0
vn 0 0.03489949670250097 0.9993908270190958
vn -1 0 0
vn 0 0.9993908270190958 -0.03489949670250097
vn 0 -0.9993908270190958 0.03489949670250097
usemtl m_737dae92-c108-656d-b718-8949a55ee750
f 12/28/7 15/27/7 13/26/7 10/25/7
f 11/32/8 12/31/8 10/30/8 9/29/8
f 16/36/9 11/35/9 9/34/9 14/33/9
f 15/40/10 16/39/10 14/38/10 13/37/10
f 14/44/11 9/43/11 10/42/11 13/41/11
f 15/48/12 12/47/12 11/46/12 16/45/12
o Body
v 0.25 1.5 0.125
v 0.25 1.5 -0.125
v 0.25 0.75 0.125
v 0.25 0.75 -0.125
v -0.25 1.5 -0.125
v -0.25 1.5 0.125
v -0.25 0.75 -0.125
v -0.25 0.75 0.125
vt 0.3125 0.6875
vt 0.4375 0.6875
vt 0.4375 0.5
vt 0.3125 0.5
vt 0.25 0.6875
vt 0.3125 0.6875
vt 0.3125 0.5
vt 0.25 0.5
vt 0.5 0.6875
vt 0.625 0.6875
vt 0.625 0.5
vt 0.5 0.5
vt 0.4375 0.6875
vt 0.5 0.6875
vt 0.5 0.5
vt 0.4375 0.5
vt 0.4375 0.6875
vt 0.3125 0.6875
vt 0.3125 0.75
vt 0.4375 0.75
vt 0.5625 0.75
vt 0.4375 0.75
vt 0.4375 0.6875
vt 0.5625 0.6875
vn 0 0 -1
vn 1 0 0
vn 0 0 1
vn -1 0 0
vn 0 1 0
vn 0 -1 0
usemtl m_737dae92-c108-656d-b718-8949a55ee750
f 20/52/13 23/51/13 21/50/13 18/49/13
f 19/56/14 20/55/14 18/54/14 17/53/14
f 24/60/15 19/59/15 17/58/15 22/57/15
f 23/64/16 24/63/16 22/62/16 21/61/16
f 22/68/17 17/67/17 18/66/17 21/65/17
f 23/72/18 20/71/18 19/70/18 24/69/18
o Body Layer
v 0.265625 1.515625 0.140625
v 0.265625 1.515625 -0.140625
v 0.265625 0.734375 0.140625
v 0.265625 0.734375 -0.140625
v -0.265625 1.515625 -0.140625
v -0.265625 1.515625 0.140625
v -0.265625 0.734375 -0.140625
v -0.265625 0.734375 0.140625
vt 0.3125 0.4375
vt 0.4375 0.4375
vt 0.4375 0.25
vt 0.3125 0.25
vt 0.25 0.4375
vt 0.3125 0.4375
vt 0.3125 0.25
vt 0.25 0.25
vt 0.5 0.4375
vt 0.625 0.4375
vt 0.625 0.25
vt 0.5 0.25
vt 0.4375 0.4375
vt 0.5 0.4375
vt 0.5 0.25
vt 0.4375 0.25
vt 0.4375 0.4375
vt 0.3125 0.4375
vt 0.3125 0.5
vt 0.4375 0.5
vt 0.5625 0.5
vt 0.4375 0.5
vt 0.4375 0.4375
vt 0.5625 0.4375
vn 0 0 -1
vn 1 0 0
vn 0 0 1
vn -1 0 0
vn 0 1 0
vn 0 -1 0
usemtl m_737dae92-c108-656d-b718-8949a55ee750
f 28/76/19 31/75/19 29/74/19 26/73/19
f 27/80/20 28/79/20 26/78/20 25/77/20
f 32/84/21 27/83/21 25/82/21 30/81/21
f 31/88/22 32/87/22 30/86/22 29/85/22
f 30/92/23 25/91/23 26/90/23 29/89/23
f 31/96/24 28/95/24 27/94/24 32/93/24
o Right Arm
v 0.5 1.5318028437815627 0.0816263939054942
v 0.5 1.4566263939054942 -0.1568028437815625
v 0.5 0.8165151307203922 0.307155743533699
v 0.5 0.7413386808443239 0.0687265058466423
v 0.25 1.4566263939054942 -0.1568028437815625
v 0.25 1.5318028437815627 0.0816263939054942
v 0.25 0.7413386808443239 0.0687265058466423
v 0.25 0.8165151307203922 0.307155743533699
vt 0.6875 0.6875
vt 0.75 0.6875
vt 0.75 0.5
vt 0.6875 0.5
vt 0.625 0.6875
vt 0.6875 0.6875
vt 0.6875 0.5
vt 0.625 0.5
vt 0.8125 0.6875
vt 0.875 0.6875
vt 0.875 0.5
vt 0.8125 0.5
vt 0.75 0.6875
vt 0.8125 0.6875
vt 0.8125 0.5
vt 0.75 0.5
vt 0.75 0.6875
vt 0.6875 0.6875
vt 0.6875 0.75
vt 0.75 0.75
vt 0.8125 0.75
vt 0.75 0.75
vt 0.75 0.6875
vt 0.8125 0.6875
vn 0 -0.30070579950427306 -0.9537169507482269
vn 1 0 0
vn 0 0.30070579950427306 0.9537169507482269
vn -1 0 0
vn 0 0.9537169507482269 -0.30070579950427306
vn 0 -0.9537169507482269 0.30070579950427306
usemtl m_737dae92-c108-656d-b718-8949a55ee750
f 36/100/25 39/99/25 37/98/25 34/97/25
f 35/104/26 36/103/26 34/102/26 33/101/26
f 40/108/27 35/107/27 33/106/27 38/105/27
f 39/112/28 40/111/28 38/110/28 37/109/28
f 38/116/29 33/115/29 34/114/29 37/113/29
f 39/120/30 36/119/30 35/118/30 40/117/30
o Right Arm Layer
v 0.515625 1.551403199254258 0.09182969314368106
v 0.515625 1.466829693143681 -0.17640319925425785
v 0.515625 0.8063118314822053 0.32675609900639435
v 0.515625 0.7217383253716285 0.05852320660845556
v 0.234375 1.466829693143681 -0.17640319925425785
v 0.234375 1.551403199254258 0.09182969314368106
v 0.234375 0.7217383253716285 0.05852320660845556
v 0.234375 0.8063118314822053 0.32675609900639435
vt 0.6875 0.4375
vt 0.75 0.4375
vt 0.75 0.25
vt 0.6875 0.25
vt 0.625 0.4375
vt 0.6875 0.4375
vt 0.6875 0.25
vt 0.625 0.25
vt 0.8125 0.4375
vt 0.875 0.4375
vt 0.875 0.25
vt 0.8125 0.25
vt 0.75 0.4375
vt 0.8125 0.4375
vt 0.8125 0.25
vt 0.75 0.25
vt 0.75 0.4375
vt 0.6875 0.4375
vt 0.6875 0.5
vt 0.75 0.5
vt 0.8125 0.5
vt 0.75 0.5
vt 0.75 0.4375
vt 0.8125 0.4375
vn 0 -0.30070579950427306 -0.9537169507482269
vn 1 0 0
vn 0 0.30070579950427306 0.9537169507482269
vn -1 0 0
vn 0 0.9537169507482269 -0.30070579950427306
vn 0 -0.9537169507482269 0.30070579950427306
usemtl m_737dae92-c108-656d-b718-8949a55ee750
f 44/124/31 47/123/31 45/122/31 42/121/31
f 43/128/32 44/127/32 42/126/32 41/125/32
f 48/132/33 43/131/33 41/130/33 46/129/33
f 47/136/34 48/135/34 46/134/34 45/133/34
f 46/140/35 41/139/35 42/138/35 45/137/35
f 47/144/36 44/143/36 43/142/36 48/141/36
o Left Arm
v -0.25 1.4566263939054942 0.1568028437815625
v -0.25 1.5318028437815627 -0.0816263939054942
v -0.25 0.7413386808443239 -0.0687265058466423
v -0.25 0.8165151307203922 -0.307155743533699
v -0.5 1.5318028437815627 -0.0816263939054942
v -0.5 1.4566263939054942 0.1568028437815625
v -0.5 0.8165151307203922 -0.307155743533699
v -0.5 0.7413386808443239 -0.0687265058466423
vt 0.5625 0.1875
vt 0.625 0.1875
vt 0.625 0
vt 0.5625 0
vt 0.5 0.1875
vt 0.5625 0.1875
vt 0.5625 0
vt 0.5 0
vt 0.6875 0.1875
vt 0.75 0.1875
vt 0.75 0
vt 0.6875 0
vt 0.625 0.1875
vt 0.6875 0.1875
vt 0.6875 0
vt 0.625 0
vt 0.625 0.1875
vt 0.5625 0.1875
vt 0.5625 0.25
vt 0.625 0.25
vt 0.6875 0.25
vt 0.625 0.25
vt 0.625 0.1875
vt 0.6875 0.1875
vn 0 0.30070579950427306 -0.9537169507482269
vn 1 0 0
vn 0 -0.30070579950427306 0.9537169507482269
vn -1 0 0
vn 0 0.9537169507482269 0.30070579950427306
vn 0 -0.9537169507482269 -0.30070579950427306
usemtl m_737dae92-c108-656d-b718-8949a55ee750
f 52/148/37 55/147/37 53/146/37 50/145/37
f 51/152/38 52/151/38 50/150/38 49/149/38
f 56/156/39 51/155/39 49/154/39 54/153/39
f 55/160/40 56/159/40 54/158/40 53/157/40
f 54/164/41 49/163/41 50/162/41 53/161/41
f 55/168/42 52/167/42 51/166/42 56/165/42
o Left Arm Layer
v -0.234375 1.466829693143681 0.17640319925425785
v -0.234375 1.551403199254258 -0.09182969314368106
v -0.234375 0.7217383253716285 -0.0585232066084555
v -0.234375 0.8063118314822053 -0.32675609900639435
v -0.515625 1.551403199254258 -0.09182969314368106
v -0.515625 1.466829693143681 0.17640319925425785
v -0.515625 0.8063118314822053 -0.32675609900639435
v -0.515625 0.7217383253716285 -0.0585232066084555
vt 0.8125 0.1875
vt 0.875 0.1875
vt 0.875 0
vt 0.8125 0
vt 0.75 0.1875
vt 0.8125 0.1875
vt 0.8125 0
vt 0.75 0
vt 0.9375 0.1875
vt 1 0.1875
vt 1 0
vt 0.9375 0
vt 0.875 0.1875
vt 0.9375 0.1875
vt 0.9375 0
vt 0.875 0
vt 0.875 0.1875
vt 0.8125 0.1875
vt 0.8125 0.25
vt 0.875 0.25
vt 0.9375 0.25
vt 0.875 0.25
vt 0.875 0.1875
vt 0.9375 0.1875
vn 0 0.30070579950427306 -0.9537169507482269
vn 1 0 0
vn 0 -0.30070579950427306 0.9537169507482269
vn -1 0 0
vn 0 0.9537169507482269 0.30070579950427306
vn 0 -0.9537169507482269 -0.30070579950427306
usemtl m_737dae92-c108-656d-b718-8949a55ee750
f 60/172/43 63/171/43 61/170/43 58/169/43
f 59/176/44 60/175/44 58/174/44 57/173/44
f 64/180/45 59/179/45 57/178/45 62/177/45
f 63/184/46 64/183/46 62/182/46 61/181/46
f 62/188/47 57/187/47 58/186/47 61/185/47
f 63/192/48 60/191/48 59/190/48 64/189/48
o Right Leg
v 0.24548292655921577 0.7025573592456316 0.11374515885956793
v 0.24186478019555813 0.8061675149299938 -0.11374515885956793
v 0.2693008193384854 0.02050214895313951 -0.19727477313261144
v 0.2656826729748277 0.12411230463750189 -0.4247650908517472
v -0.007982926559215842 0.7974426407543684 -0.11374515885956793
v -0.004364780195558138 0.6938324850700064 0.11374515885956793
v 0.01583496622005376 0.1153874304618766 -0.4247650908517472
v 0.019453112583711518 0.011777274777514335 -0.19727477313261144
vt 0.0625 0.6875
vt 0.125 0.6875
vt 0.125 0.5
vt 0.0625 0.5
vt 0 0.6875
vt 0.0625 0.6875
vt 0.0625 0.5
vt 0 0.5
vt 0.1875 0.6875
vt 0.25 0.6875
vt 0.25 0.5
vt 0.1875 0.5
vt 0.125 0.6875
vt 0.1875 0.6875
vt 0.1875 0.5
vt 0.125 0.5
vt 0.125 0.6875
vt 0.0625 0.6875
vt 0.0625 0.75
vt 0.125 0.75
vt 0.1875 0.75
vt 0.125 0.75
vt 0.125 0.6875
vt 0.1875 0.6875
vn -0.014472585454630848 0.41444062273744936 -0.9099612708765433
vn 0.9993908270190958 0.03489949670250097 0
vn 0.014472585454630848 -0.41444062273744936 0.9099612708765433
vn -0.9993908270190958 -0.03489949670250097 0
vn -0.0317571903723595 0.9094069470566559 0.414693242656239
vn 0.0317571903723595 -0.9094069470566559 -0.414693242656239
usemtl m_737dae92-c108-656d-b718-8949a55ee750
f 68/196/49 71/195/49 69/194/49 66/193/49
f 67/200/50 68/199/50 66/198/50 65/197/50
f 72/204/51 67/203/51 65/202/51 70/201/51
f 71/208/52 72/207/52 70/206/52 69/205/52
f 70/212/53 65/211/53 66/210/53 69/209/53
f 71/216/54 68/215/54 67/214/54 72/213/54
o Right Leg Layer
v 0.2608283362795497 0.7108365126990956 0.13444288563351758
v 0.25675792162043476 0.8273979378440033 -0.12148372180051015
v 0.2856386412579557 0.00036233531108320616 -0.18953621019166916
v 0.2815682265988406 0.11692376045599084 -0.44546281762569695
v -0.024320748478685927 0.8175824543964247 -0.12148372180051015
v -0.020250333819570976 0.7010210292515171 0.13444288563351758
v 0.0004895564997199342 0.10710827700841241 -0.44546281762569695
v 0.004559971158834886 -0.00945314813649517 -0.18953621019166916
vt 0.0625 0.4375
vt 0.125 0.4375
vt 0.125 0.25
vt 0.0625 0.25
vt 0 0.4375
vt 0.0625 0.4375
vt 0.0625 0.25
vt 0 0.25
vt 0.1875 0.4375
vt 0.25 0.4375
vt 0.25 0.25
vt 0.1875 0.25
vt 0.125 0.4375
vt 0.1875 0.4375
vt 0.1875 0.25
vt 0.125 0.25
vt 0.125 0.4375
vt 0.0625 0.4375
vt 0.0625 0.5
vt 0.125 0.5
vt 0.1875 0.5
vt 0.125 0.5
vt 0.125 0.4375
vt 0.1875 0.4375
vn -0.014472585454630848 0.41444062273744936 -0.9099612708765433
vn 0.9993908270190958 0.03489949670250097 0
vn 0.014472585454630848 -0.41444062273744936 0.9099612708765433
vn -0.9993908270190958 -0.03489949670250097 0
vn -0.0317571903723595 0.9094069470566559 0.414693242656239
vn 0.0317571903723595 -0.9094069470566559 -0.414693242656239
usemtl m_737dae92-c108-656d-b718-8949a55ee750
f 76/220/55 79/219/55 77/218/55 74/217/55
f 75/224/56 76/223/56 74/222/56 73/221/56
f 80/228/57 75/227/57 73/226/57 78/225/57
f 79/232/58 80/231/58 78/230/58 77/229/58
f 78/236/59 73/235/59 74/234/59 77/233/59
f 79/240/60 76/239/60 75/238/60 80/237/60
o Left Leg
v 0.007808051073843636 0.7924348620622792 0.11589798182084843
v 0.004539655680930288 0.6988402637620956 -0.11589798182084843
v -0.01646063633245559 0.09747058265158826 0.3968529268827825
v -0.01972903172536905 0.003875984351404682 0.16505696324108565
v -0.24530805107384368 0.707565137937721 -0.11589798182084843
v -0.24203965568093022 0.8011597362379046 0.11589798182084843
v -0.26957673848014296 0.012600858527029857 0.16505696324108565
v -0.2663083430872295 0.10619545682721354 0.3968529268827825
vt 0.3125 0.1875
vt 0.375 0.1875
vt 0.375 0
vt 0.3125 0
vt 0.25 0.1875
vt 0.3125 0.1875
vt 0.3125 0
vt 0.25 0
vt 0.4375 0.1875
vt 0.5 0.1875
vt 0.5 0
vt 0.4375 0
vt 0.375 0.1875
vt 0.4375 0.1875
vt 0.4375 0
vt 0.375 0
vt 0.375 0.1875
vt 0.3125 0.1875
vt 0.3125 0.25
vt 0.375 0.25
vt 0.4375 0.25
vt 0.375 0.25
vt 0.375 0.1875
vt 0.4375 0.1875
vn -0.013073581571653744 -0.3743783932007345 -0.9271838545667874
vn 0.9993908270190958 -0.034899496702500976 5.204170427930421e-18
vn 0.013073581571653744 0.3743783932007345 0.9271838545667874
vn -0.9993908270190958 0.034899496702500976 -5.204170427930421e-18
vn 0.032358249875065734 0.9266190392142547 -0.3746065934159121
vn -0.032358249875065734 -0.9266190392142547 0.3746065934159121
usemtl m_737dae92-c108-656d-b718-8949a55ee750
f 84/244/61 87/243/61 85/242/61 82/241/61
f 83/248/62 84/247/62 82/246/62 81/245/62
f 88/252/63 83/251/63 81/250/63 86/249/63
f 87/256/64 88/255/64 86/254/64 85/253/64
f 86/260/65 81/259/65 82/258/65 85/257/65
f 87/264/66 84/263/66 83/262/66 88/261/66
o Left Leg Layer
v 0.024133405112372053 0.8122176423077869 0.12453200152633093
v 0.020456460295344425 0.7069237192200801 -0.13623845757057812
v -0.001146477602523066 0.08829651792165039 0.41719340263251214
v -0.004823422419550638 -0.016997405166056134 0.15642294353560326
v -0.26062220980377626 0.7167392026676587 -0.13623845757057812
v -0.25694526498674863 0.8220331257553652 0.12453200152633093
v -0.2859020925186714 -0.007181921718477757 0.15642294353560326
v -0.28222514770164375 0.09811200136922882 0.41719340263251214
vt 0.0625 0.1875
vt 0.125 0.1875
vt 0.125 0
vt 0.0625 0
vt 0 0.1875
vt 0.0625 0.1875
vt 0.0625 0
vt 0 0
vt 0.1875 0.1875
vt 0.25 0.1875
vt 0.25 0
vt 0.1875 0
vt 0.125 0.1875
vt 0.1875 0.1875
vt 0.1875 0
vt 0.125 0
vt 0.125 0.1875
vt 0.0625 0.1875
vt 0.0625 0.25
vt 0.125 0.25
vt 0.1875 0.25
vt 0.125 0.25
vt 0.125 0.1875
vt 0.1875 0.1875
vn -0.013073581571653744 -0.3743783932007345 -0.9271838545667874
vn 0.9993908270190958 -0.034899496702500976 5.204170427930421e-18
vn 0.013073581571653744 0.3743783932007345 0.9271838545667874
vn -0.9993908270190958 0.034899496702500976 -5.204170427930421e-18
vn 0.032358249875065734 0.9266190392142547 -0.3746065934159121
vn -0.032358249875065734 -0.9266190392142547 0.3746065934159121
usemtl m_737dae92-c108-656d-b718-8949a55ee750
f 92/268/67 95/267/67 93/266/67 90/265/67
f 91/272/68 92/271/68 90/270/68 89/269/68
f 96/276/69 91/275/69 89/274/69 94/273/69
f 95/280/70 96/279/70 94/278/70 93/277/70
f 94/284/71 89/283/71 90/282/71 93/281/71
f 95/288/72 92/287/72 91/286/72 96/285/72